9789603322092
9789604616206
9789605126803
9789604911141
9789607309471
9789607651907
9786185306502
9789605863050
9786185066765
9786185309008
9786185495329
9786185066871
9786185066611
9789605246358
9789604187218
9789604911134
9789602663356
9789608923973
9789604186211
9789609012010
9786185066772
9789605245924
9789605466923
9789604180301
9789602660300
9789607510112
9789605950453
9786185066161
9789605240905
9789604188260
9789604188024
9789609973533
9786185495602
9789604187393
9786182170182
9789604189939
9789603339809
9789603307334
9789607182890
9789604189502
9789604183982
9789604614578
9789609400282
9602660899
9789607888990
9786185495312
9789606031823
9789602183977
9786185066192
9789925563098
9789604183623
9789604187379
9789604188635
9789605240226
9786185066345
9789606451836
9789605780159
9601212760
9789609474085
9789600121513
9602546786
9789600112399
9789605863043
9789604185924
9789605243241
9603305065
9789604117291
9789603307341
9789604182664
9608050294
9789602663042
9789609400442
9789609400718
9789604186754
9780071263320
9789604189069
9789607510075
9789605242824
9789604612307
9789604182022
9789603307570
9786188074132
9789604184224
9789602664506
9789602546758
9789605127435
9789604182503
9789609400701
9789602660133
9789604187157
9789604117154
9789604563135
9607258517
9789607258779
9789605620271
9789602728857
9608065488
9789604183777
9789604186396
9789604618507
9604314971
9789606033117
9789602663059
9789603307969
9789604187195
9789604181926
9789603307518
9789604187416
9789602189368
9789607888426
9789607888532
9789604911554
9789606032998
9789609853118
9789600119558
9789606706639
9789606031694
9789607888365
9789604189519
9604314297
9786185066536
9789604564620
9789604189281
9789604189793
9789602663707
9789605240592
9789602663639
9789607888631
9789604185436
9789604853052
9789604182619
9789605860431
9789604187324
9789604187201
9789606030604
