9789603322092
9789605126803
9789604911141
9789607651907
9789605863050
9789604189823
9789604910243
9786185066765
9786185309008
9786185066789
9786185066611
9789605246358
9789604187218
9789604911134
9789608923973
9789604186211
9789603307167
9786185066772
9789605245924
9789605466923
9789604180301
9789602660300
9789602547014
9789605950453
9786185066161
9789607530561
9789604188024
9789609973533
9789604187393
9786182170175
9789603307334
9789607182890
9789604189502
9789604183982
9789604614578
9789605241568
9789602663080
9789604562817
9789602183977
9786185066192
9789925563098
9789604911219
9789604183623
9789604188635
9789605240226
9789609400022
9786185066345
9789605780159
9601212760
9786185495510
9602546786
9789600112399
9789604613250
9789604186143
9789605863043
9789606033612
9786185066451
9789607182685
9789603307631
9789604185924
9789607888945
9789605243241
9786185066604
9603305065
9789602661574
9789604117291
9789604182664
9789604187041
9608050294
9789609400442
9789609400718
9789604186754
9780071263320
9789604189069
9789607510075
9789604189267
9789605242824
9789604182022
9789603307570
9786188074132
9789602664506
9602661569
9789602546758
9789605313432
9789605127435
9789604182503
9789604187157
9789605127473
9789607888099
9607258517
9789607258779
9789605620271
9608065488
9789604183777
9789604186396
9789606033117
9789604187195
9789603307617
9789609732413
9789604181926
9789603307518
9789607888426
9789604911554
9789600119558
9789606706639
9789606031694
9789604117178
9789607888365
9789604189519
9604314297
9789604911066
9786185066536
9789604189281
9789602663639
9789607888631
9789604182619
9789604612116
9789605244736
9789604187201
9789606030604
