9789604616206
9789605126803
9789604911141
9789607309471
9602546956
9786185306502
9786185495503
9602545313
9789604618514
9789605863050
9789604910243
9786185066765
9786185309008
9786185495329
9786185066871
9786185066611
9789605246358
9789604187218
9789604911134
9789608923973
9789604186211
9789603307167
9789609012010
9786185066772
9789605245924
9789605466923
9789604180301
9789602660300
9786185066901
9789602547014
9789605950453
9786185066161
9604312278
9789605240905
9789604188260
9789604188024
9786182170182
9789604189939
9789609535144
9789603307334
9789607182890
9789605241568
9789602663080
9789607888990
9786185495312
9789606031823
9786185066192
9789925563098
9789604911219
9789604183623
9789604187379
9789604188635
9786185066345
9786188242449
9789605780159
9601212760
9789600121513
9602546786
9789600112399
9789604613250
9789604186143
9789605863043
9786185066451
9789607182685
9789607888945
9789605243241
9786188074163
9786185066604
9603305065
9607901401
9789602661574
9789604117291
9789604182664
9789604187041
9608050294
9789602663042
9789609400442
9789604186754
9780071263320
9789604189069
9789604612307
9789604184224
9789602664506
9602661569
9789602546758
9789605313432
9789605127435
9789604182503
9789609400701
9789604618538
9789604187157
9789607888099
9789603307402
9608050111
9789607258779
9789605620271
9789604183777
9789606033117
9789602663059
9789602663202
9789603307969
9789603307617
9789609732413
9789604181926
9789603307518
9789604187416
9789602189368
9789607888426
9789607888532
9789604186440
9789609853118
9789600119558
9789607888365
9604314297
9789604911066
9786185066536
9789604189281
9789602663707
9789605240592
9789607888631
9789604185436
9789604853052
9789604182619
9789605244736
9789605860431
9789604187324
9789604187201
9789606030604

