9789603322092
9789605126803
9789604911141
9789607309471
9789607651907
9786185306502
9786185495503
9602545313
9789605863050
9789604189823
9789604910243
9786185066765
9786185495329
9786185066871
9786185066789
9786185066611
9789605246358
9789604187218
9789604911134
9789602663356
9789608923973
9789603307167
9789609012010
9789605245924
9789605466923
9789602660300
9789607510112
9786185066901
9789602547014
9789605950453
9789604188260
9789604188024
9789604187393
9786182170182
9786182170175
9789604189939
9789609535144
9789603339809
9789607182890
9789604189502
9789604183982
9789609400282
9789605241568
9789602663080
9789604562817
9602660899
9786185495312
9789606031823
9789602183977
9789604188154
9789604188635
9789605240226
9786185066345
9786188242449
9789605780159
9601212760
9789600121513
9602546786
9789600112399
9789604186143
9789605863043
9789606033612
9789607182685
9789607888945
9786188074163
9786185066604
9603305065
9607901401
9789602661574
9789604117291
9789603307341
9789604187041
9789602663042
9789609400442
9789609400718
9789604186754
9780071263320
9789604189069
9789607510075
9789604612307
9789603307570
9786188074132
9789602664506
9789604182503
9789609400701
9789604618538
9789602660133
9789607888099
9789603307402
9789604563135
9607258517
9789607258779
9789605620271
9608065488
9789604183777
9789604186396
9789604618507
9604314971
9789606033117
9789602663059
9789604187195
9789603307617
9789609732413
9789602189368
9789607888426
9789607888532
9789604911554
9789609853118
9789606706639
9789606031694
9789604117178
9789607888365
9789604189519
9789600113556
9604314297
9789604911066
9786185066536
9789604564620
9789604189281
9789604189793
9789602663707
9789605240592
9789607888631
9789604185436
9789604853052
9789605244736
9789605860431
9789606030604

