9789603322092
9789604616206
9789605126803
9789604911141
9602546956
9786185495503
9602545313
9789604618514
9789605863050
9789604189823
9786185066765
9786185309008
9786185066871
9786185066789
9786185066611
9789604187218
9789604911134
9789602663356
9789603307167
9789609012010
9786185495046
9786185066772
9789605245924
9789605466923
9789602660300
9789607510112
9786185066901
9789602547014
9789605950453
9786185066161
9604312278
9604318438
9789605240905
9789607530561
9789604188024
9789609973533
9786182170175
9789609535144
9789603307334
9789607182890
9789604189502
9789604183982
9789605241568
9789602663080
9789604562817
9602660899
9789607888990
9786185495312
9786185066192
9789604911219
9789604187379
9789604188635
9789609400022
9786185066345
9789605780159
9789609474085
9786185495510
9602546786
9789600112399
9789604613250
9789604186143
9789605863043
9789606033612
9789603307631
9789604185924
9789607888945
9786188074163
9786185066604
9603305065
9789602661574
9789604117291
9789604182664
9789602663042
9789609400442
9789609400718
9789604186754
9780071263320
9789604189069
9789607510075
9789604189267
9789605242824
9789604612307
9789604182022
9786188074132
9789604184224
9789602664506
9789602546758
9789605313432
9789605127435
9789609400701
9789604618538
9789604187157
9789604117154
9789603307402
9607258517
9789607258779
9789605620271
9608065488
9789604186396
9604314971
9789606033117
9789602663202
9789603307969
9789604187195
9789603307617
9789609732413
9789603307518
9789604187416
9789602189368
9789607888532
9789606032998
9789604186440
9789609853118
9789600119558
9789606706639
9789604117178
9789607888365
9789604189519
9789600113556
9604314297
9789604911066
9786185066536
9789604189793
9789602663707
9789605240592
9789602663639
9789604185436
9789604853052
9789604182619
9789605244736
9789604187324
9789604187201

