9789603322092
9789604616206
9789605126803
9789604911141
9789607309471
9789607651907
9786185495503
9789604189823
9789604910243
9786185066765
9786185309008
9786185495329
9786185066789
9786185066611
9789605246358
9789604187218
9789602663356
9789608923973
9789604186211
9789609012010
9786185495046
9786185066772
9789605466923
9789604180301
9789602547014
9789605950453
9786185066161
9604312278
9604318438
9789605240905
9789607530561
9789604188260
9789609973533
9786185495602
9789604189939
9789609535144
9789603307334
9789607182890
9789604189502
9789604614578
9789609400282
9789605241568
9789602663080
9789604562817
9602660899
9789607888990
9789604911219
9789604183623
9789604187379
9789609400022
9786185066345
9789606451836
9786188242449
9601212760
9786185495510
9789600112399
9789604613250
9789604186143
9789605863043
9789606033612
9786185066451
9789607182685
9789603307631
9789607888945
9786188074163
9786185066604
9603305065
9607901401
9789604117291
9789603307341
9789604182664
9789604187041
9608050294
9789602663042
9789609400442
9789609400718
9789604186754
9780071263320
9789604189069
9789604189267
9789605242824
9789604612307
9789604182022
9789603307570
9786188074132
9789604184224
9789602664506
9602661569
9789605313432
9789605127435
9789604182503
9789609400701
9789604618538
9789602660133
9789605127473
9789607888099
9789603307402
9608050111
9789604563135
9607258517
9789607258779
9789605620271
9789602728857
9789604618507
9604314971
9789602663059
9789602663202
9789604187195
9789603307617
9789609732413
9789604181926
9789603307518
9789604187416
9789604911554
9789606032998
9789604186440
9789609853118
9789606031694
9789604117178
9789607888365
9789604189519
9789600113556
9604314297
9789604911066
9786185066536
9789604564620
9789604189281
9789604189793
9789602663707
9789602663639
9789607888631
9789604185436
9789604182619
9789604612116
9789605244736
9789605860431
9789604187324
9789604187201
9789606030604
